<?xml version="1.0"?>
<opencv_storage>
<cameraMatrix1 type_id="opencv-matrix">
  <rows>3</rows>
  <cols>3</cols>
  <dt>d</dt>
  <data>
    3.5913296707252016e+02 0. 3.2037362413281454e+02 0.
    3.5909576918200679e+02 2.2873517712773716e+02 0. 0. 1.</data></cameraMatrix1>
<distCoeffs1 type_id="opencv-matrix">
  <rows>1</rows>
  <cols>5</cols>
  <dt>d</dt>
  <data>
    -3.4786717764571297e-02 8.5903644703258203e-02
    -6.7230933796692269e-03 6.1650488878332898e-04
    -7.4175981579715417e-02</data></distCoeffs1>
</opencv_storage>
