<?xml version="1.0"?>
<opencv_storage>
<cameraMatrix1 type_id="opencv-matrix">
  <rows>3</rows>
  <cols>3</cols>
  <dt>d</dt>
  <data>
    1.1463155993554819e+03 0. 8.9028887328109806e+02 0.
    1.1449309176279362e+03 5.4161250252689251e+02 0. 0. 1.</data></cameraMatrix1>
<distCoeffs1 type_id="opencv-matrix">
  <rows>1</rows>
  <cols>5</cols>
  <dt>d</dt>
  <data>
    2.7285375227443419e-02 -1.7988529288237801e-01
    -2.6184976689105688e-04 7.6716173177888264e-04
    7.0561432096641202e-02</data></distCoeffs1>
</opencv_storage>
