<?xml version="1.0"?>
<opencv_storage>
<cameraMatrix2 type_id="opencv-matrix">
  <rows>3</rows>
  <cols>3</cols>
  <dt>d</dt>
  <data>
    1.1481130903258738e+03 0. 1.0110322441596966e+03 0.
    1.1486357538616226e+03 5.4820454693444344e+02 0. 0. 1.</data></cameraMatrix2>
<distCoeffs2 type_id="opencv-matrix">
  <rows>1</rows>
  <cols>5</cols>
  <dt>d</dt>
  <data>
    2.0088171571835491e-02 -1.6575812258672906e-01
    -1.3056838749100433e-03 3.7474261091359175e-04
    6.6649542586088642e-02</data></distCoeffs2>
</opencv_storage>
