<?xml version="1.0"?>
<opencv_storage>
<cameraMatrix2 type_id="opencv-matrix">
  <rows>3</rows>
  <cols>3</cols>
  <dt>d</dt>
  <data>
    3.4349788568657203e+02 0. 2.9943611171341360e+02 0.
    3.4522856143894438e+02 2.4323218401613656e+02 0. 0. 1.</data></cameraMatrix2>
<distCoeffs2 type_id="opencv-matrix">
  <rows>1</rows>
  <cols>5</cols>
  <dt>d</dt>
  <data>
    -7.6186738355121020e-02 1.8049249081784902e-01
    5.0212333924087192e-03 -2.3310319945221360e-03
    -1.7450876626814749e-01</data></distCoeffs2>
</opencv_storage>
