<?xml version="1.0"?>
<opencv_storage>
<cameraMatrix1 type_id="opencv-matrix">
  <rows>3</rows>
  <cols>3</cols>
  <dt>d</dt>
  <data>
    1.1463155993554819e+03 0. 8.9028887328109806e+02 0.
    1.1449309176279362e+03 5.4161250252689251e+02 0. 0. 1.</data></cameraMatrix1>
<distCoeffs1 type_id="opencv-matrix">
  <rows>1</rows>
  <cols>5</cols>
  <dt>d</dt>
  <data>
    2.7285375227443419e-02 -1.7988529288237801e-01
    -2.6184976689105688e-04 7.6716173177888264e-04
    7.0561432096641202e-02</data></distCoeffs1>
<cameraMatrix2 type_id="opencv-matrix">
  <rows>3</rows>
  <cols>3</cols>
  <dt>d</dt>
  <data>
    1.1481130903258738e+03 0. 1.0110322441596966e+03 0.
    1.1486357538616226e+03 5.4820454693444344e+02 0. 0. 1.</data></cameraMatrix2>
<distCoeffs2 type_id="opencv-matrix">
  <rows>1</rows>
  <cols>5</cols>
  <dt>d</dt>
  <data>
    2.0088171571835491e-02 -1.6575812258672906e-01
    -1.3056838749100433e-03 3.7474261091359175e-04
    6.6649542586088642e-02</data></distCoeffs2>
<R type_id="opencv-matrix">
  <rows>3</rows>
  <cols>3</cols>
  <dt>d</dt>
  <data>
    9.9958702496659935e-01 6.9991649452271106e-03 2.7870974301099045e-02
    -8.0030303450353210e-03 9.9931717682702781e-01
    3.6071201861808164e-02 -2.7599475062389561e-02
    -3.6279357609091886e-02 9.9896049831199640e-01</data></R>
<T type_id="opencv-matrix">
  <rows>3</rows>
  <cols>1</cols>
  <dt>d</dt>
  <data>
    -2.0629148134918228e+02 -6.5341657304325185e-01
    4.9674356948982110e+00</data></T>
<E type_id="opencv-matrix">
  <rows>3</rows>
  <cols>3</cols>
  <dt>d</dt>
  <data>
    5.7788493016341272e-02 -4.9403382811743421e+00
    -8.3191872109882858e-01 -7.2815232710396227e-01
    -7.4493545217928920e+00 2.0621548827869393e+02
    2.3041037134719686e+00 -2.0614604737495762e+02
    -7.4229703096025874e+00</data></E>
<F type_id="opencv-matrix">
  <rows>3</rows>
  <cols>3</cols>
  <dt>d</dt>
  <data>
    -3.2886148437171391e-09 2.8148369947092038e-07
    -9.5257658332296974e-05 4.1418677081162957e-08
    4.2424579268061801e-07 -1.3712848258113232e-02
    -1.6992323832062465e-04 1.2968001770406100e-02 1.</data></F>
</opencv_storage>
