<?xml version="1.0"?>
<opencv_storage>
<cameraMatrix1 type_id="opencv-matrix">
  <rows>3</rows>
  <cols>3</cols>
  <dt>d</dt>
  <data>
    3.5913296707252016e+02 0. 3.2037362413281454e+02 0.
    3.5909576918200679e+02 2.2873517712773716e+02 0. 0. 1.</data></cameraMatrix1>
<distCoeffs1 type_id="opencv-matrix">
  <rows>1</rows>
  <cols>5</cols>
  <dt>d</dt>
  <data>
    -3.4786717764571297e-02 8.5903644703258203e-02
    -6.7230933796692269e-03 6.1650488878332898e-04
    -7.4175981579715417e-02</data></distCoeffs1>
<cameraMatrix2 type_id="opencv-matrix">
  <rows>3</rows>
  <cols>3</cols>
  <dt>d</dt>
  <data>
    3.4349788568657203e+02 0. 2.9943611171341360e+02 0.
    3.4522856143894438e+02 2.4323218401613656e+02 0. 0. 1.</data></cameraMatrix2>
<distCoeffs2 type_id="opencv-matrix">
  <rows>1</rows>
  <cols>5</cols>
  <dt>d</dt>
  <data>
    -7.6186738355121020e-02 1.8049249081784902e-01
    5.0212333924087192e-03 -2.3310319945221360e-03
    -1.7450876626814749e-01</data></distCoeffs2>
<R type_id="opencv-matrix">
  <rows>3</rows>
  <cols>3</cols>
  <dt>d</dt>
  <data>
    9.9906376491808047e-01 1.2246371947193396e-02 4.1492408966477094e-02
    -9.0196088285581649e-03 9.9698404124046935e-01
    -7.7080919613104357e-02 -4.2311231183814420e-02
    7.6634508453783765e-02 9.9616108728947883e-01</data></R>
<T type_id="opencv-matrix">
  <rows>3</rows>
  <cols>1</cols>
  <dt>d</dt>
  <data>
    -1.3325785908605292e+02 -4.3364699655460424e+00
    -2.2356161730970474e+01</data></T>
<E type_id="opencv-matrix">
  <rows>3</rows>
  <cols>3</cols>
  <dt>d</dt>
  <data>
    -1.8162450487449106e-02 2.1956413224934252e+01
    -6.0430561411190098e+00 -2.7973535190911022e+01
    9.9383686567941716e+00 1.3181868279156851e+02 5.5343437725199305e+00
    -1.3280285285453013e+02 1.0451568909307715e+01</data></E>
<F type_id="opencv-matrix">
  <rows>3</rows>
  <cols>3</cols>
  <dt>d</dt>
  <data>
    -9.4551853265215050e-08 1.1431467427360873e-04
    -3.7415649730533643e-02 -1.4489730444776228e-04
    5.1484089866223523e-05 2.7985901339661834e-01 4.5168595170914691e-02
    -2.8425714824430709e-01 1.</data></F>
</opencv_storage>
